[array([[ 7.64742446e-01,  3.70821382e-02, -5.53241043e-02,
         1.00307450e-01, -9.85283293e-01,  2.63337327e-01,
        -5.24127343e-02,  2.64284375e-01,  2.52522085e-03,
         5.87351196e-02, -1.87156602e-01, -1.10136876e+00,
        -4.17856578e-03,  2.12770976e-02, -2.91132248e-01,
        -2.36007558e-01, -2.86357558e-04,  1.06695939e-01,
         1.95623533e-01, -3.07114612e-01,  4.69232187e-02,
         9.26168614e-02, -4.19222863e-01, -8.97035208e-02,
         1.25407692e-01, -5.29499050e-01,  8.49513410e-02,
        -4.36424192e-02, -1.76276223e-01, -1.75785731e-01,
        -4.15867023e-01, -2.81189616e-01],
       [ 8.85881937e-02,  1.23595437e-01, -2.86992356e-01,
         1.07787704e-01, -1.13459547e-01, -1.75932784e-02,
         2.37284612e-02, -3.33694498e-01, -5.11816742e-02,
        -3.28576904e-01, -2.21236045e-01,  2.66383217e-01,
        -1.20027350e-01, -2.24219090e-01,  3.97746649e-01,
         3.61099353e-01, -1.63694846e-01,  3.54728067e-01,
         3.98752791e-01,  1.28474923e-01,  2.67438882e-01,
        -3.41625601e-01, -2.80847798e-01,  7.55213035e-02,
        -3.47996284e-01,  8.76558487e-02,  4.05578342e-01,
        -5.72262736e-02,  8.01631553e-01, -1.22691081e-01,
         4.83336740e-03,  4.66178369e-01],
       [-3.33493755e-01,  2.14702183e-01, -5.89676066e-02,
        -3.97001408e-02,  9.02415662e-02, -1.91803425e-01,
         3.12111693e-01, -6.54944520e-02,  1.15380689e-01,
         8.50103737e-03,  1.33060403e-01,  3.13004009e-01,
         1.46082925e-01,  5.11725611e-02,  3.45782709e-01,
        -1.10053591e-01,  1.81740964e-01, -1.62725085e-01,
         3.47473591e-01, -1.77471578e-01, -2.94740362e-01,
        -1.39207826e-01, -3.32608467e-02,  9.56827075e-03,
         2.27236652e-01, -2.73834755e-01,  2.21824736e-01,
         5.76434208e-02,  3.99049562e-01,  9.26776066e-02,
         3.10967506e-01,  4.99489651e-01],
       [-6.77383181e-02, -1.37487634e-01,  2.93441609e-01,
        -1.06041863e-01,  1.98780263e-01,  7.43379369e-02,
         2.37772458e-01,  7.54454951e-02,  1.46484136e-01,
         1.07952783e-01, -1.36306229e-02, -5.55001710e-02,
        -2.48331065e-01, -2.60019724e-01,  6.39723274e-02,
        -2.52583742e-01,  1.51276326e-01,  2.18753813e-01,
         1.30956247e-01,  1.68603513e-01, -3.44442410e-01,
         1.74035062e-01, -2.37974743e-01,  2.98148839e-01,
        -1.71988531e-02, -9.47156710e-02,  3.27724059e-01,
        -1.03497991e-01,  2.67257454e-02, -6.79068103e-02,
         2.66266643e-01, -2.65077198e-01],
       [ 4.19315946e-02,  1.73114408e-01,  8.52848311e-02,
         1.81981499e-01, -2.51257393e-02,  1.16174803e-01,
        -2.28193839e-02, -8.44238307e-02, -1.43422544e-02,
         3.00781290e-01, -2.42347277e-01,  9.96300897e-02,
        -3.65991934e-01, -9.88922296e-02, -1.95144828e-02,
         1.54030927e-01, -9.99031346e-02,  1.47466639e-01,
         1.47953132e-01,  2.17985819e-01,  4.84309804e-02,
        -1.54515430e-01,  1.73968167e-02, -2.34992172e-01,
        -6.20777895e-02,  1.34749683e-01,  5.80038862e-02,
         2.92586423e-02, -1.25229752e-01,  7.92691816e-02,
        -1.07540381e-01,  1.81531354e-01],
       [ 1.71326368e-02, -2.47917681e-01, -2.11085954e-01,
         2.64118142e-01,  1.10127669e-01,  6.51170927e-02,
        -3.80360752e-01, -5.71741158e-02, -6.96952900e-02,
         7.66461478e-02, -9.81150249e-02,  6.03285767e-02,
        -2.11677016e-01,  6.91406928e-02, -2.90217472e-01,
         1.76930898e-01,  1.79555288e-01,  1.96964464e-01,
         7.70012048e-03,  3.29730411e-01,  1.49343284e-01,
         3.49016005e-01, -4.04717989e-01,  1.32961891e-01,
         1.46599144e-01, -1.00431931e-01, -3.49926691e-01,
         3.01315785e-01,  1.73206090e-01,  1.28733632e-01,
        -9.95867042e-03, -2.05468071e-01],
       [-2.10327494e-01,  5.35547369e-02, -2.49810742e-02,
         2.54419087e-01,  9.87866743e-02,  2.41873528e-01,
         1.85113010e-01,  2.67604356e-01, -1.13622055e-01,
         6.05384288e-02, -1.12879010e-01, -1.43438228e-01,
        -3.98483437e-01,  1.32725301e-01,  5.92579642e-02,
         1.77312088e-01,  4.26312867e-02, -4.37896406e-02,
        -4.50794303e-01,  5.93077528e-03, -4.74182471e-01,
        -2.71657638e-01,  1.73608840e-01, -2.13681391e-01,
         5.78712315e-02,  1.80934077e-01, -4.39440126e-01,
        -1.31497503e-01, -5.47669951e-01,  2.86178025e-01,
        -1.51422833e-01,  2.84530899e-01],
       [-9.30419525e-02, -8.04619927e-02,  2.51480070e-01,
        -1.25321388e-01,  1.76387466e-01, -1.89947396e-01,
         8.37570004e-02,  5.59390299e-02,  1.01327193e-01,
         1.41801531e-01, -1.59280610e-02, -1.23588882e-01,
         1.72024222e-01, -1.65952945e-01, -1.84488217e-01,
        -2.43982131e-01,  2.49135251e-01,  5.60201068e-02,
         7.63103999e-02,  3.87576891e-02, -3.06724211e-01,
         1.72905788e-01, -7.39950540e-02, -1.66941819e-01,
         3.32589030e-01,  1.74825895e-01,  1.20097922e-01,
         6.37096070e-02,  1.08172878e-01, -3.87490453e-02,
         1.83351913e-01,  1.96206481e-01],
       [-2.01602398e-01,  3.24197520e-01, -1.54845121e-01,
        -3.20078289e-01,  3.74882879e-02, -1.46481175e-01,
        -2.23847185e-01, -1.07473762e-01, -1.87351550e-03,
         6.12110874e-02,  1.24490423e-01,  1.52488181e-01,
        -2.89588464e-01, -1.13952045e-01,  2.96822391e-01,
         2.26222616e-01, -6.07067615e-02, -3.16953192e-01,
         2.38149543e-02,  2.15272775e-01, -4.34431655e-01,
         2.69189147e-01,  6.17633537e-02, -1.57298562e-01,
         2.39895464e-01,  3.33087917e-02, -4.14095909e-01,
        -2.18525966e-01,  1.63317723e-01, -4.42862155e-02,
        -3.74195221e-02, -6.00702845e-02],
       [-2.59908617e-01, -4.72928880e-02,  1.25352538e-02,
         1.50651733e-01,  2.74199111e-01, -8.07564841e-03,
        -2.23889983e-02, -5.81201829e-02, -4.48574572e-02,
         1.57835676e-01,  2.26123912e-03,  3.05817983e-01,
         1.90682943e-02,  7.10284787e-02, -9.21973880e-02,
        -6.35001767e-02, -2.11341764e-01, -2.68916899e-02,
        -4.34795525e-01,  8.04132644e-02,  1.68522492e-03,
         1.32514174e-01, -4.44109433e-01,  9.58630042e-02,
         1.42671587e-01,  2.25632056e-01, -1.61424140e-01,
         1.40132486e-01,  1.78033595e-02, -2.86443330e-01,
        -1.36077690e-01, -4.14658058e-02],
       [ 9.45520667e-02,  9.64483164e-02, -1.88889319e-01,
         1.58036325e-01, -1.93785025e-01,  7.77985899e-02,
         1.86963948e-01, -1.88650054e-01, -4.36439197e-01,
         2.72008779e-01,  3.71707389e-02,  4.41042854e-02,
         7.34760555e-02,  2.52898481e-01,  1.81489008e-01,
        -2.58630060e-01,  9.30349149e-02, -3.10577030e-01,
        -2.50644878e-01,  1.82220678e-01, -3.32997157e-01,
         1.20572007e-01, -2.75297714e-01, -2.35336153e-01,
         2.16116843e-01,  6.45998774e-02, -1.09867479e-01,
         2.01611252e-01,  1.80204891e-01,  1.99907290e-01,
         1.52617715e-01,  4.29077061e-02],
       [ 2.75952574e-01, -5.75598125e-02,  3.16605043e-01,
         1.28237433e-01,  7.71248914e-03, -2.46980556e-01,
        -1.99889371e-01, -1.17873328e-01,  2.12381197e-01,
         3.03250488e-02, -3.55462675e-01, -1.46871117e-01,
         5.93712714e-02,  5.79086942e-02,  8.17834615e-02,
         5.05691552e-02, -1.55709917e-01, -2.90240209e-01,
        -3.25771627e-01,  1.54179705e-01,  1.06155500e-01,
        -2.26614718e-01, -1.80491620e-02,  2.61374317e-01,
         1.58544992e-01, -7.83546314e-02,  9.54737317e-02,
        -3.02044364e-01,  6.83202763e-02, -1.06982880e-02,
         2.30480745e-01,  8.17673515e-02],
       [-1.32673992e-01, -1.15980204e-01,  2.03594513e-01,
        -7.78490590e-02, -1.25797725e-01, -3.00408690e-03,
        -2.98241968e-01,  2.01243643e-01,  1.98952081e-01,
         5.97921278e-02, -2.50952941e-01,  1.23744047e-01,
         4.64540489e-02,  6.37104380e-02, -1.08257074e-01,
        -2.74001986e-01, -1.45047931e-01, -1.03355054e-01,
        -3.50165143e-01,  1.19036300e-01,  9.92732854e-02,
         1.60259773e-01, -3.34999779e-01, -9.94411837e-02,
        -2.01412245e-01,  2.00834095e-01,  1.66562884e-01,
         2.01119707e-01,  1.10045436e-01, -1.09574859e-01,
        -3.00846952e-02,  7.74199372e-02],
       [ 1.84821324e-01, -3.35754466e-01,  1.45865413e-01,
         1.09348432e-03,  2.65015833e-03, -3.79271393e-01,
         2.66170294e-02, -1.13109162e-02, -1.27584944e-01,
        -5.03089487e-02, -4.12289211e-02,  3.00863882e-02,
        -4.01172713e-01,  3.01915140e-01,  5.60950671e-03,
        -3.48410698e-01,  2.85029422e-01, -1.90790276e-02,
        -3.12444645e-01,  1.39178714e-01,  4.32335394e-03,
         1.37939621e-01,  7.73858487e-02,  6.75646022e-02,
         1.81022040e-01,  3.55122449e-01, -1.00868710e-01,
        -1.99837521e-02, -2.78110850e-01, -3.35031015e-01,
         2.39458906e-01,  2.04768132e-02],
       [-7.56613252e-03,  1.47528355e-01, -1.26933146e-01,
        -1.14642416e-03, -1.31239166e-01,  1.41681834e-01,
        -4.11596470e-01,  1.80769237e-01,  1.74337936e-01,
        -2.24157400e-01, -3.87822166e-01, -7.28232424e-02,
         2.18038892e-01, -1.20745146e-01,  1.55755768e-01,
         2.21798448e-01, -4.61816288e-03,  1.17308087e-01,
         8.02070221e-02, -1.83765455e-01, -4.42907575e-01,
        -2.53116794e-01,  1.70982565e-01, -1.01775533e-01,
         1.49379649e-01,  6.47783823e-02, -1.41885881e-01,
         1.88827927e-02,  1.26940948e-01, -1.77961853e-02,
         2.11915683e-01,  7.97741101e-02],
       [ 1.23554005e-01,  1.32465764e-01,  1.54436299e-01,
         2.18822617e-01,  2.76131789e-01,  3.81686676e-02,
        -1.56918377e-01,  2.80210513e-01, -3.13973888e-02,
         1.22845164e-01, -2.03694678e-01,  2.22644676e-01,
        -5.05643796e-02,  2.06009916e-01,  1.80928728e-01,
         2.45466568e-01, -1.16392849e-01, -4.18384742e-01,
        -6.69435666e-03,  1.79201004e-01,  1.75921871e-01,
         1.00321095e-01, -2.46276810e-01, -4.23170184e-02,
        -3.03477665e-02,  1.68750750e-01,  1.32332731e-01,
        -2.11297302e-01, -3.38657448e-01, -2.69519102e-01,
         2.60197369e-01, -6.44124118e-02],
       [ 1.51321492e-01,  6.42955191e-03,  3.33046588e-01,
         3.22423140e-01,  8.15986043e-05,  8.92850025e-02,
        -4.62478828e-01, -6.96769875e-03, -4.51050062e-01,
         9.14806610e-02, -1.05163140e-01,  2.86171271e-01,
        -8.42942315e-02, -1.67562114e-01,  2.50326614e-01,
        -1.34836201e-01,  2.68658691e-01, -3.94914979e-01,
        -2.61147062e-01, -1.10149135e-02, -4.72972599e-01,
        -1.13242554e-01,  1.86119089e-01,  2.05513540e-01,
        -4.89192628e-02,  1.19790706e-01,  1.30464335e-01,
        -1.97172258e-01, -6.81016814e-02, -3.41820800e-01,
        -8.45725780e-02, -1.53525881e-01],
       [-2.02234995e-01, -1.14454365e-01,  1.70388002e-01,
        -3.49267831e-01,  1.01124728e-02,  1.98290404e-01,
        -4.84827053e-01, -2.22609848e-01, -1.86844894e-01,
         1.67065848e-01,  1.14461645e-02,  1.26154071e-01,
         1.71131840e-03, -2.63455646e-01,  8.29801105e-02,
         1.87659429e-01,  9.01659186e-02,  2.20771010e-01,
        -1.14027180e-01,  1.17525327e-01,  4.10033447e-02,
         1.30831472e-01, -1.89574496e-01,  3.29338609e-01,
         1.01389105e-01,  1.49833699e-01,  1.72322859e-01,
         2.08259027e-01, -4.36465368e-01, -1.38661648e-01,
         1.27575974e-01,  8.44276137e-02],
       [ 7.98576613e-02, -2.60042714e-01,  7.93400025e-02,
         2.32982873e-01, -1.59741935e-01, -2.40430149e-01,
        -2.56987736e-01, -3.59230313e-02,  2.06375216e-01,
         6.80841535e-03, -1.35096779e-01,  8.36813993e-02,
         6.70232701e-02, -2.55406133e-02, -6.88394176e-02,
         1.78956268e-01,  1.91464451e-01,  1.34060087e-01,
        -2.47780821e-01, -2.19333327e-02, -4.16850779e-01,
        -2.38294116e-01, -3.60988122e-01, -5.38400933e-02,
        -3.30402429e-02, -4.63736531e-02, -2.45590730e-01,
         3.45047079e-02, -1.73894538e-01,  2.16015091e-01,
        -3.24284854e-02, -6.97325647e-02],
       [ 3.07222333e-02,  1.01217436e-01, -1.49566903e-01,
        -1.75208356e-01,  4.32150366e-02,  8.52574923e-02,
         1.00720101e-01,  7.70407080e-02, -4.06819734e-01,
        -2.90050048e-02,  1.33676581e-02,  3.47415041e-01,
         1.75021191e-01, -4.25879633e-02,  2.85491326e-01,
        -2.37755286e-01,  9.42156436e-02,  1.92317055e-01,
         1.80292695e-01, -3.47537039e-02, -2.85593478e-01,
         7.09163257e-02, -3.50753221e-01,  1.63770870e-01,
        -1.12528647e-01,  2.08249081e-01, -4.18313397e-01,
        -1.24324415e-01,  3.84780829e-01, -6.93505402e-02,
        -2.97245831e-02,  4.24781969e-01],
       [ 9.48360808e-02, -3.06701225e-01, -1.56038170e-02,
         3.63687598e-03, -1.47974932e-01,  3.07570699e-02,
        -4.75977819e-01,  1.66896526e-02,  2.33061914e-01,
         3.23466922e-01, -4.25069687e-02,  9.03301175e-02,
        -5.82978776e-02, -8.12429815e-02,  1.31450737e-01,
        -3.26949727e-01,  2.64235956e-01, -1.87040874e-01,
         1.68999151e-01,  2.44496899e-01,  2.38895619e-01,
         1.80678989e-01,  1.90939967e-02,  2.72815710e-01,
         1.93041488e-02,  2.14580325e-01, -3.74534158e-01,
        -1.30343417e-01, -1.68587645e-01,  5.93289548e-02,
        -1.44481464e-01,  2.31238175e-01],
       [ 7.07431342e-02, -3.26360620e-01,  2.44774031e-01,
        -1.17198729e-01,  2.72759691e-02,  9.37347557e-02,
        -1.33381178e-01,  2.56654982e-01, -8.54018901e-02,
        -8.47011882e-03,  1.99123688e-01,  1.71089192e-01,
         1.19254684e-02,  5.24103476e-02, -2.76794276e-01,
        -4.99718261e-02,  3.18705516e-01, -1.36887253e-01,
         1.93373889e-01, -4.54389567e-02,  1.37062882e-01,
         2.00260446e-02,  2.97563415e-02, -9.58501657e-02,
        -8.81969137e-02, -6.35199891e-02,  7.08422554e-01,
         2.93357050e-02,  8.28424128e-02, -8.65812767e-02,
         8.39990826e-02,  3.90610351e-01],
       [ 1.49710759e-01, -3.79575059e-02,  5.98782061e-02,
         1.97389982e-01,  4.01985299e-02, -4.86469253e-02,
         1.28476305e-01, -1.09113422e-01,  2.14333503e-02,
        -2.08995381e-01,  2.57440521e-01,  1.90293781e-01,
         6.17946765e-02, -2.99276287e-01,  2.73433542e-01,
        -6.14661004e-02,  2.30792305e-01, -1.30501763e-01,
         1.22019906e-01,  2.50567972e-01,  1.14884836e-01,
         1.73680675e-01, -2.00958190e-01,  2.11012648e-02,
        -7.56804252e-02,  1.01633562e-01,  1.92342907e-01,
         1.60378035e-01,  1.01488815e-01,  1.44190014e-01,
        -1.86687536e-01,  8.14082577e-02],
       [ 5.71531623e-02, -5.44818240e-02,  8.07318666e-02,
         1.58749973e-01, -1.12622834e-01, -1.82699779e-01,
        -4.39568777e-02,  2.06392581e-01, -1.11676823e-01,
         2.59199811e-02,  3.23138894e-02,  1.49437597e-02,
        -1.69607998e-01, -1.62792018e-02,  2.94499330e-01,
         2.84737381e-01, -1.87918244e-01,  6.09798029e-02,
         2.41150923e-01, -2.58350880e-01, -2.83688128e-01,
        -9.25451038e-02, -2.47088926e-01, -2.97117148e-01,
        -1.42132283e-01,  1.88682007e-01,  4.99477121e-02,
        -1.22321560e-01,  5.36621318e-02,  7.90178812e-02,
         6.41471310e-02,  2.99378083e-01],
       [-8.42036093e-02, -1.08575682e-01, -2.06007452e-01,
         2.66781195e-01,  1.37623791e-01, -1.87906918e-01,
        -2.40092214e-01,  1.84206602e-01, -1.95930521e-01,
         2.94639929e-01, -1.92628887e-01,  1.81663358e-01,
         1.74896496e-01, -1.32865080e-01,  6.46917074e-01,
        -2.21140804e-01, -1.80073811e-01,  9.43864636e-02,
         6.24898602e-02,  2.35365181e-01, -4.89859141e-02,
        -2.98493633e-01,  1.56364602e-01,  3.31998833e-02,
        -7.48041364e-03, -7.94848386e-02,  3.16569493e-01,
        -3.04689520e-01,  5.17717205e-01,  6.22090133e-02,
         1.16647265e-01,  4.90004241e-01],
       [ 1.37100166e-01, -1.21250702e-01, -5.13761822e-02,
         3.17909664e-01,  5.67809277e-02,  5.70092911e-01,
         5.15371048e-01, -7.40804637e-01,  2.75561144e-01,
        -1.94556578e-01,  4.04227136e-01, -8.16859477e-02,
         2.63486404e-01, -4.05392264e-01, -9.13957858e-02,
         4.20957868e-01, -5.64475333e-02,  2.71943187e-01,
         2.55402079e-01, -3.68026603e-01,  5.82991438e-01,
        -1.60049550e-01,  5.39228997e-01, -5.55049367e-01,
        -6.21878674e-01, -2.97789254e-01,  4.53650253e-01,
        -5.32308060e-01,  2.89891333e-01,  2.27323908e-01,
        -1.21777474e-01,  2.06092499e-02],
       [-2.34409235e-01,  1.66398888e-01,  4.51539367e-02,
         5.84894648e-01,  1.28989795e-01,  3.67977217e-01,
         3.85978219e-01, -5.89258503e-01,  2.29817906e-01,
        -4.94366287e-01,  2.66604309e-01,  2.76548075e-01,
         3.22736556e-01, -4.46753626e-01,  1.98289214e-01,
        -1.56322481e-02, -2.80594308e-01, -9.19965618e-02,
        -3.96154943e-02, -3.00606903e-01,  7.12812433e-01,
         7.37414791e-02,  4.75904619e-01, -1.74839377e-01,
        -4.24082984e-01,  2.26068801e-02,  3.03103162e-01,
        -5.62893284e-01,  2.31577118e-01,  3.09065991e-01,
        -3.00050021e-01, -1.30258069e-01],
       [ 1.26569719e-01, -2.04719225e-01,  1.69054244e-01,
        -2.11303099e-01, -7.34506449e-02, -2.72919464e-01,
        -1.06363584e-02,  1.88987853e-01,  1.45949939e-01,
        -3.36387941e-02, -2.70898491e-01,  2.49637040e-01,
        -1.54594612e-01, -2.24338705e-01,  2.35879646e-01,
         3.95556110e-02, -7.35500055e-02,  2.58074596e-01,
        -3.82332162e-01, -1.21362678e-01, -2.02484886e-01,
         2.39738569e-01, -4.22180322e-01,  6.66993745e-02,
         1.51866940e-01,  1.74925149e-01,  2.46257347e-01,
         1.58758361e-01, -3.09486334e-01, -5.93452725e-03,
         6.32570420e-02,  1.52377562e-01],
       [-5.52425208e-02,  5.24053006e-01, -2.69396926e-01,
         4.70700295e-01,  4.06056212e-02,  3.19803355e-01,
         2.62685061e-01, -1.57233457e-02, -5.61854936e-02,
        -2.80031493e-01,  4.69734342e-01,  5.90757352e-02,
         4.32455469e-01, -3.47068665e-01,  1.13941319e-04,
         1.76917328e-01,  2.74748813e-02, -2.87873180e-01,
         1.60798442e-02,  4.46242902e-02,  2.94289805e-01,
         1.53886071e-01, -2.93219109e-01, -3.43321039e-01,
        -1.99262505e-01, -7.06876893e-02, -1.21308435e-01,
        -4.29703936e-01, -6.10357078e-01,  4.79380815e-01,
        -6.65791630e-02,  1.23960115e-01],
       [-1.50256787e-01, -5.11027591e-01,  6.48841202e-01,
         1.86198591e-01,  9.46378063e-02, -1.57157545e-02,
         2.65708809e-01,  3.86391262e-01, -5.28148532e-01,
         2.93843608e-01, -3.53456233e-01, -4.03115807e-01,
         3.43063384e-02,  7.72339215e-01, -2.10973507e-01,
         2.79092707e-01,  4.11721063e-01,  4.54088148e-01,
         4.54808717e-01,  3.44583017e-02,  4.91057402e-02,
         2.64344578e-01,  8.34648440e-02,  2.75705433e-01,
         9.78116464e-02, -9.93855455e-03,  1.04284237e-01,
         1.34872684e-01,  1.86935866e-02,  5.68517778e-01,
         1.74389096e-01,  5.67239529e-02],
       [-8.90562312e-03, -6.20521467e-01,  3.53290263e-01,
         5.82894365e-02,  1.75554585e-01, -1.89301642e-01,
        -2.13676980e-01,  5.31209412e-03, -5.00339852e-01,
         1.15801865e-01, -3.08918609e-01,  3.80653123e-01,
         1.46515155e-02,  3.24247474e-01,  2.84423480e-01,
        -3.25959510e-01, -4.89516394e-01, -2.89164716e-01,
        -9.39108391e-02,  1.85376221e-01, -1.17862944e-03,
         2.10193357e-01, -4.02830072e-02, -7.20635327e-02,
        -4.06170197e-02,  2.11953864e-01,  8.47055778e-01,
        -7.32858207e-02, -9.14918328e-02, -3.70553104e-01,
         1.10975089e-01,  1.25637552e-01],
       [ 1.68462425e-01, -1.98107428e-01, -5.04616013e-01,
         3.69782002e-01,  1.30154430e-01, -3.04097762e-02,
         2.04724683e-01,  8.90213563e-02, -4.06110779e-01,
        -2.23241055e-01,  1.84858777e-01,  2.91769709e-01,
         2.22833638e-01, -3.60758621e-02, -4.35918206e-02,
         6.15710242e-02, -4.10000021e-01, -1.30583850e-01,
         1.73280946e-01, -3.23173361e-01, -3.31770433e-01,
        -2.00020641e-01,  1.50235438e-01,  1.77656294e-01,
        -1.11249546e-01, -3.46122967e-01, -9.44107092e-02,
        -5.58525302e-02, -3.73214077e-02,  1.09810368e-01,
        -1.83419452e-01, -1.23421482e-01],
       [-1.51761453e-01, -2.92568548e-02,  4.60793124e-02,
        -1.14707166e-01,  7.25800278e-02, -8.33150248e-03,
        -5.16714270e-03,  1.09039380e-01, -1.44813207e-01,
         3.97016460e-02,  9.25725179e-02,  5.08222543e-02,
         7.42563811e-02, -2.23307443e-01, -2.27511977e-01,
        -2.81862303e-01,  1.22029985e-01, -2.86674513e-01,
        -2.03742418e-01,  1.79878449e-01,  1.18984343e-01,
         1.66193466e-01,  1.37382552e-01, -1.38982157e-03,
        -2.09575565e-01,  7.49982153e-02,  1.22149612e-01,
         1.54692508e-01, -4.84279470e-01,  3.79054719e-03,
        -1.35380777e-01,  1.34628151e-01]]), array([[-4.97191149e-02,  1.08206705e-01,  2.42770056e-01,
        -1.56523455e-01,  2.09125698e-01, -6.08074966e-02,
         2.69111483e-01,  3.36870227e-01, -1.98970156e-02,
        -5.91548612e-02,  2.00298139e-01, -2.38284900e-02,
        -3.48649795e-01,  3.86279405e-01,  1.25890141e-01,
        -7.59722803e-02, -2.38007564e-02,  1.73850130e-01,
         2.49049207e-01,  2.95474339e-01, -3.26187126e-01,
        -5.23419178e-02, -1.44657858e-01,  2.59858872e-01,
         3.95030086e-01, -6.06071031e-02,  4.78184725e-01,
         5.25392742e-02,  5.98758552e-01, -9.07404384e-02,
        -8.24735880e-02,  3.88856657e-01],
       [-5.86667122e-02, -2.23265136e-02, -1.31346154e-01,
         2.56165152e-01, -1.95885137e-01, -9.91948971e-02,
        -8.27773210e-02,  7.23491019e-02,  1.36830836e-01,
        -2.36832321e-01,  1.53266860e-02, -1.16409883e-01,
         6.81922540e-02,  3.12149729e-01,  2.76150314e-01,
        -1.72535803e-01, -3.57993339e-02, -4.33187665e-02,
        -2.77480842e-01,  1.98959216e-01, -3.70404044e-02,
         2.63650608e-01, -6.70089792e-02,  1.98951271e-01,
         7.37039223e-02,  1.57462256e-01,  1.52015164e-01,
         1.15723061e-02,  1.56611277e-01,  3.18503079e-01,
         4.57612789e-02,  1.32879493e-01],
       [-8.69267018e-02, -3.27071709e-03,  2.51648621e-01,
         2.32809500e-01, -2.23349563e-01,  2.00053463e-01,
        -2.35708560e-01,  2.18411376e-01,  1.12241722e-01,
         1.72151313e-01,  2.08328746e-01,  2.57184216e-01,
         1.95013233e-01,  4.54906157e-02,  2.44256640e-01,
         6.03312996e-02, -7.21639948e-02, -3.08987526e-01,
         3.64121664e-01,  2.79515515e-02, -1.95174644e-01,
        -1.17784155e-01, -8.62352125e-02,  2.70755783e-01,
         1.11157649e-01,  2.65701339e-01,  5.36448754e-02,
         1.87304092e-01,  3.31001465e-03, -6.43323335e-02,
         2.08724643e-01,  2.85620885e-02],
       [ 9.98976728e-02, -2.90766512e-01,  1.02350400e-01,
         1.01074397e-01, -3.37128181e-02,  1.86652382e-01,
         2.77376887e-02, -2.48789247e-01, -9.59057842e-02,
         3.08431955e-01, -5.51891935e-01, -2.03727914e-01,
         3.82444329e-01,  9.32404314e-02, -3.93396673e-02,
         1.50710859e-02, -7.50168548e-02,  4.26859668e-01,
        -1.40245204e-01,  1.59016398e-01,  2.18271384e-01,
        -6.59726053e-02,  3.99539315e-01,  4.23726846e-01,
         2.74701598e-01,  2.57782439e-01,  2.28264398e-02,
         7.31278782e-03,  1.39443767e-01,  1.48463871e-01,
         3.45102293e-01, -5.66816254e-01],
       [-2.33550971e-01, -1.90100955e-01, -5.83045929e-02,
        -1.27410298e-01, -8.43262100e-01,  3.99222059e-01,
        -2.17061185e-01,  9.36804599e-02, -7.05559653e-02,
        -5.62482692e-02,  1.84281007e-01, -4.59561780e-01,
         4.64407949e-01, -6.59953523e-02, -2.44920004e-02,
         2.00019262e-01,  1.38843488e-02,  4.50871039e-01,
        -4.07865229e-01,  1.52334895e-01,  2.55464978e-01,
        -6.30636158e-01,  3.45899870e-01,  1.62975071e-01,
        -1.99826335e-01,  4.53584101e-01,  4.12074068e-01,
        -7.36114251e-02, -3.57083512e-01,  2.19389022e-01,
         4.36958137e-01,  1.82823364e-01],
       [ 3.03602524e-01, -3.33553452e-01,  8.98566150e-02,
         4.54179048e-01,  5.25161098e-02,  4.62470972e-01,
         3.41184309e-01,  3.72510872e-02,  2.55059081e-01,
         7.15889029e-02,  3.92154350e-01, -3.79839255e-01,
        -5.25660267e-02,  1.64362961e-01,  9.80127509e-02,
         2.59034590e-01, -7.41957833e-02, -6.19159083e-02,
         3.23809840e-01, -1.62089076e-01,  2.52901352e-01,
        -4.84321155e-01,  2.94676087e-02,  1.38943249e-02,
        -5.94462265e-02,  4.52004888e-01, -2.95355977e-01,
         3.73391788e-01, -1.90417857e-01,  2.74184311e-02,
        -4.56732765e-02,  3.41767728e-01],
       [ 1.28727396e-01, -4.06715801e-01,  1.73561848e-01,
         2.91693602e-01, -2.48612542e-02,  2.69017190e-02,
         6.88565113e-02, -1.87941441e-01, -5.59299825e-02,
         2.68907457e-01,  2.09560214e-01, -4.36245761e-01,
        -3.80897179e-02, -1.98863784e-01, -1.71310140e-01,
         3.28601761e-01,  2.02808996e-01,  3.56971828e-01,
         1.11494260e-01,  1.55321230e-01,  4.56501715e-01,
        -7.57648545e-02,  2.27286974e-01,  2.36950403e-01,
         1.05913152e-01, -1.81669574e-02, -4.87878835e-01,
         2.27835524e-01, -4.67347507e-02,  1.70827693e-02,
         1.35218839e-01,  2.06522727e-01],
       [-3.32638079e-01,  4.12262070e-01, -2.28974710e-01,
        -3.76123492e-01,  5.11044972e-01, -4.14783033e-01,
         1.88274096e-01,  3.50950157e-01,  1.69300286e-01,
         2.22264421e-01, -2.89596358e-01,  5.33046108e-01,
        -2.34628074e-01,  2.08064727e-01,  3.27797212e-01,
        -2.25471860e-01,  1.08483494e-01, -4.21882418e-02,
         4.61697143e-01, -3.25842886e-01, -1.96879311e-01,
         1.73469772e-01, -3.18343856e-01,  2.15859654e-02,
        -1.09705466e-01, -1.02971869e-01,  4.32416623e-01,
        -4.95881964e-01,  1.51688142e-01, -4.35874594e-01,
        -2.83558969e-01, -4.66742304e-01],
       [-1.48937956e-02, -6.38941951e-02, -1.70560694e-01,
        -7.86102077e-02, -3.88042267e-01,  3.44755860e-01,
         4.02594020e-01, -2.46040336e-01,  9.57856397e-02,
        -2.37500929e-01,  3.67627190e-01, -1.26296761e-01,
         2.45811635e-01,  3.71708166e-02,  1.84970530e-01,
        -1.94790410e-01, -1.31142084e-01, -2.67911712e-02,
        -7.70054003e-02,  3.41763137e-02,  2.61964028e-01,
        -7.55928867e-02, -2.36168954e-02, -2.35095582e-01,
        -1.42209577e-01,  1.48781493e-01, -1.96160712e-01,
        -1.75386356e-02,  9.02891002e-02,  2.43820964e-01,
         4.70281504e-02,  2.77596349e-01],
       [ 8.97711779e-02,  3.32330600e-01, -2.36414542e-01,
        -2.17178330e-01,  1.02565772e-01,  1.79024190e-01,
        -1.38488518e-02,  3.33758656e-01, -6.80090809e-02,
         3.61854301e-01, -2.26589869e-01,  2.59697594e-01,
        -2.16670903e-02,  1.35791579e-01,  2.23247816e-01,
         2.75959888e-02, -9.17093104e-02, -1.24917996e-01,
        -6.00795616e-02,  2.17508809e-01, -8.19724427e-02,
        -2.96437380e-01,  2.08680045e-02,  3.34742956e-01,
         1.52763129e-01, -2.71627823e-01,  2.20694148e-01,
         1.70679137e-01, -1.70253513e-01,  1.19144443e-01,
        -1.39172538e-01, -2.77835885e-01],
       [-3.11050663e-01,  9.79145521e-02, -8.45199758e-02,
         2.39764575e-01, -6.74282243e-02,  6.20960879e-02,
        -1.02496115e-01, -1.82130409e-01, -1.40446777e-01,
        -1.37971418e-01,  1.07790625e-01, -2.96992784e-02,
         2.44310363e-01, -1.51124064e-02, -2.33051884e-01,
         1.50598650e-01, -1.46907846e-01, -2.31899242e-02,
        -3.42642010e-01,  4.18599845e-01, -6.20286708e-02,
         2.50493150e-01, -6.43424809e-03, -8.39346501e-03,
        -1.98348875e-01,  3.04233718e-01, -3.94600559e-01,
        -1.78816686e-01,  1.69933352e-01,  8.02264966e-02,
         3.86610197e-01,  2.92750097e-01],
       [-1.62448632e-01, -2.19098306e-01,  2.15664583e-03,
         1.71564034e-01, -5.69204317e-01,  7.53085173e-02,
         1.08929798e-01, -5.76488247e-01,  1.61849674e-01,
        -3.09104704e-01,  1.45372005e-01, -1.47871009e-01,
         1.59446846e-01, -9.70201060e-02, -2.66555393e-01,
         3.11410158e-01, -1.23136918e-02,  3.89734410e-01,
        -2.93275418e-02,  1.22684093e-01,  4.45609322e-01,
        -3.79863471e-01,  4.74507011e-01, -1.20176636e-01,
        -1.91740546e-01, -4.25870290e-02, -2.55503470e-01,
         9.63520073e-02, -5.21021332e-01, -8.73249341e-02,
        -4.90697728e-02,  2.47791870e-01],
       [ 2.70558941e-01,  1.79954822e-01, -1.12479912e-01,
         2.87107316e-01,  1.20144969e-01,  2.93628773e-01,
         3.55791167e-02, -1.34652150e-01,  2.15666687e-01,
        -1.47391217e-02, -1.07434586e-02, -2.82766224e-01,
         1.65785552e-01, -1.24886026e-01, -3.14370096e-01,
         3.33405820e-01, -3.93129336e-02,  2.77399431e-01,
         2.11903094e-01, -2.41110804e-02,  9.56092169e-02,
         2.96254563e-01,  3.64670918e-02, -2.32758319e-01,
         1.95543408e-02, -1.25769517e-02, -7.94840416e-02,
         3.77174468e-01, -2.80301684e-01,  2.09853425e-01,
         2.23288687e-01, -3.43765311e-02],
       [ 2.29649548e-01,  2.36407044e-01, -1.08958053e-01,
         1.55212023e-01,  2.23716841e-01,  5.85032392e-02,
        -2.89763040e-01,  5.13556640e-02, -3.09779914e-01,
         3.01238834e-01, -3.96043092e-01,  2.77915694e-01,
        -1.54644338e-01,  7.29248959e-02,  3.29037598e-01,
         5.68824988e-02,  2.46970491e-02,  2.11780803e-01,
         2.33466073e-01,  7.35684149e-02,  5.19807638e-02,
        -2.03984985e-01,  9.19323379e-02,  2.46572499e-02,
        -5.52844363e-03,  8.21891186e-02,  1.37678030e-01,
        -2.85474443e-01,  2.66198116e-01, -3.03250077e-02,
        -2.45788613e-01, -2.12286043e-01],
       [-1.00752574e-01, -5.25342529e-02, -1.41248428e-01,
         1.41441998e-01,  7.58989875e-02,  3.36688678e-01,
        -2.73681602e-01, -2.50778865e-01,  3.56486832e-01,
        -3.93818205e-02, -1.61463110e-01,  1.39975070e-01,
         4.06541472e-01,  1.05336385e-01, -2.03667581e-01,
         2.52301575e-01,  8.04889038e-02,  1.89008635e-01,
         6.28982727e-02,  5.47230950e-02, -4.30045949e-02,
        -5.25393082e-02,  2.13208662e-01,  2.79458209e-01,
         1.74867973e-01,  5.06165417e-02, -4.90873043e-01,
         1.51875721e-01,  6.57168609e-03,  3.86101083e-01,
         3.94202412e-01,  8.68550295e-02],
       [ 4.76459320e-01,  2.88584754e-01,  1.12897382e-01,
         2.23029195e-01,  2.68971814e-01,  3.01258214e-02,
         5.24510574e-02, -2.04757916e-01,  1.70386413e-01,
        -5.58224536e-02, -4.24267262e-01, -1.09084767e-02,
         3.96750078e-01, -1.54239309e-01,  5.13333172e-02,
         2.13226887e-01,  7.18844442e-02,  2.43330051e-01,
         1.46842647e-02,  2.02302895e-01, -1.48110434e-01,
         1.31491363e-02,  1.29311876e-01,  1.54970192e-01,
        -1.34736491e-01,  2.27987580e-01,  1.69172361e-01,
         1.17467733e-01, -2.38981760e-01,  4.07127609e-02,
         1.24374074e-01, -2.79901008e-01],
       [ 3.52499483e-02,  2.55966310e-01,  2.25694672e-01,
        -2.82382469e-01,  2.22711189e-01, -5.45524136e-03,
         1.53497454e-01,  2.46965907e-01,  2.55614317e-01,
        -2.41102623e-01,  4.23353422e-02,  2.24559107e-01,
        -1.82213944e-01,  4.90967569e-01,  1.89338537e-01,
        -2.62760505e-01,  1.66124426e-02,  1.63499325e-01,
         2.53002657e-01, -2.70069638e-01, -1.34666692e-01,
         1.61954069e-01,  2.99093029e-01,  6.80438333e-02,
         2.38564844e-02, -1.22922598e-01,  2.22917837e-01,
        -3.12706046e-01,  1.50185125e-01,  2.16545954e-01,
         2.64345545e-01, -5.73103806e-01],
       [-5.27649895e-03, -2.33685340e-01,  3.27265695e-02,
         3.08864466e-02,  1.57966763e-01, -9.39223816e-03,
         1.06895418e-01, -2.51297053e-03, -3.64042278e-02,
         2.52786213e-01, -1.16994083e-01, -4.41693645e-03,
         4.13105049e-01,  2.23179490e-01,  3.88824712e-01,
         2.46390892e-01, -5.31870852e-02,  1.10379589e-01,
        -9.99707689e-02, -1.43248602e-01,  2.62144216e-01,
         2.20506008e-02,  2.85096643e-01,  8.14440020e-02,
        -2.46876796e-01, -1.24608864e-01,  1.40212571e-01,
        -2.81228163e-01, -1.12633271e-01,  1.80591505e-01,
         3.27875976e-01,  1.90653864e-01],
       [ 5.04792043e-01,  2.95112231e-02, -1.17528860e-01,
         1.09127418e-01, -1.93816512e-01,  1.70851327e-01,
         2.16572811e-01, -1.88158603e-01, -1.44251612e-02,
         1.12389274e-01, -2.46883159e-01, -1.07263746e-01,
         3.91535499e-01,  1.86196940e-01, -4.39365836e-02,
         2.71099419e-01, -1.12813512e-01,  2.36334945e-01,
         6.63396168e-02,  4.63473904e-01,  3.77137992e-01,
         1.15712586e-02,  7.10180622e-01,  4.37708396e-01,
         1.69138572e-01, -8.51418907e-02, -2.34414411e-02,
         3.20095133e-01,  4.81570549e-02,  2.44555728e-01,
        -1.26892020e-01, -1.37032165e-01],
       [-7.02484813e-02, -3.19083735e-02,  1.61053923e-01,
        -1.69289510e-01,  1.55318405e-01, -1.84884376e-01,
         1.03767312e-01,  2.06099153e-01,  1.16092295e-01,
        -1.51856630e-01,  1.38628948e-01,  2.55977670e-02,
        -2.89889048e-02, -1.54082016e-01,  8.70719632e-02,
        -5.21380557e-03, -3.39798207e-02,  1.75567723e-01,
         2.28057879e-01, -4.97096671e-02, -6.82117168e-02,
         1.10590580e-01, -2.68787445e-01, -1.95029480e-01,
         7.90364623e-02,  7.96607686e-03,  2.75858137e-01,
         4.52270845e-02, -2.39655190e-01, -1.77851493e-02,
         2.10112291e-01,  1.25098762e-01],
       [ 1.22228327e-01, -3.43033319e-01, -1.86132728e-01,
         3.93408483e-01, -8.63404348e-01,  3.72943167e-01,
        -1.01480866e-01, -5.16136591e-01, -3.04880161e-01,
         2.24337787e-01,  4.72264542e-01, -1.37066464e-01,
        -8.10154536e-02, -1.45673819e-01, -3.14206624e-01,
         9.17512358e-02, -1.81180172e-02,  2.62749926e-04,
        -2.31507205e-01, -6.29859903e-02,  7.90359412e-02,
         2.48278457e-01,  3.44311092e-01, -1.76731606e-01,
        -2.63176824e-02,  1.97591108e-01, -4.00547774e-02,
         2.75949169e-01, -1.85520892e-01,  4.64331275e-04,
         3.51845859e-01,  4.97187568e-01],
       [-2.63122501e-01,  2.44886138e-02, -2.00186537e-01,
         2.23797665e-01, -1.73524805e-01,  3.62175829e-01,
        -9.85842076e-02,  1.48905456e-01, -7.04132266e-02,
        -2.21800762e-02,  2.81241453e-01,  3.29814684e-01,
        -3.89906636e-01, -1.90586984e-01,  3.22575746e-01,
         7.16805949e-02,  5.07990806e-02,  4.12533601e-02,
         3.17083878e-01,  6.63638152e-02,  2.93123286e-01,
        -6.55701609e-02, -2.21249397e-01,  1.57867745e-01,
         4.78587031e-03,  2.16078561e-01, -1.93642048e-01,
         2.32166062e-01, -1.11562757e-02, -1.70353325e-01,
         1.13521050e-01, -1.18404798e-01],
       [ 9.25808055e-02, -1.19507316e-01, -1.21403993e-01,
         1.80464223e-02, -1.67931896e-01,  3.37311338e-01,
         1.26854743e-01, -8.10559527e-02, -8.20777573e-02,
         1.17047628e-01,  2.96479628e-02, -2.06823757e-01,
         2.17347997e-01, -3.80233811e-01, -1.18575054e-01,
        -1.30877902e-01, -6.98339906e-02,  3.71097059e-01,
        -9.49058746e-02, -1.90234899e-01,  3.43287868e-01,
        -1.01842053e-01,  4.28173766e-01, -3.73368688e-01,
         5.43394523e-02,  3.26906829e-01, -4.50290273e-02,
         2.64587476e-01, -1.11368499e-01,  3.21986802e-01,
         1.20351055e-01,  1.74930473e-01],
       [-3.85072987e-01,  4.48152934e-02, -2.82890974e-01,
        -2.79516249e-01,  1.13367673e-02, -1.71993818e-01,
        -1.43906341e-01, -3.42481768e-02,  1.63250442e-02,
         1.37662604e-01, -2.43866967e-01,  1.78748149e-01,
        -2.03377557e-01,  2.58426329e-02, -1.41140534e-02,
         2.30792390e-01, -1.32959000e-03,  1.50376963e-01,
         3.54187930e-01, -3.17113833e-01, -2.53013091e-02,
         1.71790600e-01, -1.99654924e-01,  1.31019955e-01,
        -8.35738242e-02, -2.05833999e-01, -1.44806550e-02,
        -3.11937767e-01,  2.96476991e-01,  1.05643946e-01,
        -1.95081001e-02, -7.40673937e-02],
       [ 1.72562987e-01,  2.57478028e-01,  9.08844045e-02,
         2.60188211e-02,  3.46378586e-01, -1.30495405e-01,
         1.98343844e-01,  4.81643218e-02, -1.15314051e-01,
         4.33876657e-02, -6.72135808e-01,  2.44348973e-01,
        -2.90991969e-01,  3.06273118e-01,  3.80820922e-02,
        -2.63796060e-01, -4.84234777e-02, -2.49629160e-01,
         3.25774180e-01, -1.63619957e-01, -1.93546712e-01,
         3.29566673e-02, -3.06968944e-01, -2.50146234e-01,
         1.37101024e-01, -3.74486025e-01, -1.55263836e-01,
         1.02439722e-01,  1.46031944e-01, -2.64649675e-01,
        -1.19464173e-01, -4.26381459e-01],
       [ 1.59285512e-01,  3.49929324e-01,  1.54509115e-01,
         2.30500973e-02, -1.47759550e-02,  1.18504946e-03,
        -2.14525307e-01,  2.28643175e-01, -5.52162016e-02,
        -3.00787765e-01, -6.03154320e-02,  1.36929966e-01,
        -2.82622782e-01, -3.74807515e-01, -3.00761657e-01,
        -2.65645140e-01, -2.96759848e-02, -7.75326973e-02,
         9.27636443e-02, -7.24289257e-02, -4.31706886e-01,
        -2.38257837e-01, -1.67538971e-01, -3.34725769e-01,
         1.08377948e-01, -2.53410786e-01,  2.70885444e-01,
        -2.21511754e-01, -1.42132710e-01,  3.06796751e-01,
        -1.17036297e-01,  2.66697924e-01],
       [ 2.47897151e-01, -1.78340838e-01, -3.06804538e-02,
         2.27148601e-01,  4.07395042e-02,  3.49157482e-01,
        -1.17203507e-01, -4.13266308e-01,  3.80066098e-01,
         2.20651821e-01, -1.25704335e-01, -4.16313277e-01,
         1.82428402e-01, -8.87252653e-02, -1.70831572e-01,
         2.99958336e-01,  3.90711211e-02,  1.88657190e-01,
        -1.84189302e-01,  4.60868734e-01,  1.62089184e-01,
        -1.11058940e-01,  2.39087751e-01,  2.95314142e-01,
         7.25098296e-02,  3.15766999e-01, -1.80268464e-01,
        -7.99618388e-02,  2.27029273e-01,  1.35865154e-01,
         2.42048864e-02,  8.92909619e-02],
       [-3.15720950e-01, -1.00344250e-01,  1.27268087e-03,
        -1.78261504e-01,  3.59525690e-01, -3.30127901e-01,
        -2.13307152e-01,  3.18445210e-01, -3.00769468e-01,
        -5.08839621e-03, -1.30343184e-01,  3.26423535e-01,
         1.75700988e-01, -5.58110682e-02,  3.52515267e-01,
         2.37302198e-02, -1.02373479e-01, -3.39166107e-01,
         2.55804749e-01, -1.35378149e-01, -2.96574366e-01,
         3.84102794e-02,  1.34876329e-01,  1.64618300e-01,
         1.18965493e-01, -2.75590122e-01,  4.64690143e-02,
        -8.71814120e-02,  2.64420566e-01, -1.55640480e-01,
        -1.29842605e-01, -2.62405284e-01],
       [ 2.83488936e-01, -1.99169754e-01,  1.72974709e-01,
         2.52785625e-02, -4.10138593e-01,  4.07447570e-01,
        -2.94727230e-01, -8.23068468e-02,  2.56845590e-01,
         1.07232913e-01,  6.05135351e-02, -4.77115445e-01,
         5.05692275e-01, -1.40374177e-01, -6.71508318e-02,
         1.80492067e-01, -1.01258747e-01,  2.21808861e-01,
        -7.85394386e-02,  1.11091193e-01,  8.32097807e-02,
        -2.32862464e-02,  1.16141956e-01,  3.80729043e-01,
         3.18567295e-01,  2.08989750e-01, -2.18495025e-01,
         2.10345577e-01,  1.05915804e-01,  1.09393860e-01,
         4.27790115e-01, -2.81173409e-02],
       [-3.01912865e-03, -3.23216412e-01,  1.12540039e-01,
         1.92798338e-01, -1.20603875e-01,  4.98657003e-02,
        -1.83895472e-01,  7.89876885e-02,  2.89695184e-01,
         3.57346498e-01,  1.51088349e-01,  2.24955990e-01,
         2.25445486e-02, -5.67076042e-03,  3.70692308e-01,
        -8.78126686e-02,  3.19532409e-02,  2.61050017e-01,
         6.85588042e-02, -2.09268415e-01,  2.16698837e-01,
        -4.30659343e-01, -2.24692223e-01, -6.04872248e-02,
        -2.07605665e-01, -1.30543927e-01, -5.23464876e-01,
         3.20687445e-01,  1.39792353e-01,  2.67175266e-01,
        -1.13056355e-01,  1.21190505e-01],
       [-4.28925829e-01,  1.74992762e-01, -2.19645998e-01,
        -4.87899353e-01, -2.83620758e-02, -4.43100273e-01,
         1.50185513e-01,  1.77696069e-01,  2.57155898e-01,
        -2.53330105e-01, -5.76571112e-02,  2.78957360e-03,
         3.46276593e-01, -1.67213560e-01,  2.03742817e-01,
         8.58507253e-02,  5.22567916e-02,  1.11276973e-01,
        -1.46669255e-01,  1.59593897e-01,  3.12064434e-03,
        -7.80885788e-02, -1.79992739e-01, -1.44706420e-02,
        -1.83587573e-01,  1.97596808e-01, -1.46889322e-01,
        -2.24295458e-01, -2.08315216e-02, -2.24013663e-01,
         2.29089945e-01, -2.19348886e-01],
       [ 4.30442844e-01, -6.31578649e-03,  2.89658999e-02,
        -1.86122733e-01, -3.02924613e-01,  2.08012969e-01,
         1.40846256e-01,  8.03300907e-02,  2.53831952e-01,
        -3.14913955e-01,  1.16602341e-01, -1.81589499e-01,
         3.20283172e-01, -4.67421435e-02,  9.06790146e-02,
         2.76195962e-02,  1.11136398e-01, -2.54337729e-02,
         1.84709481e-02,  6.64707726e-01,  5.65409742e-02,
         2.77063415e-01, -3.70128523e-03, -9.80396116e-02,
         1.22642211e-01, -2.05358499e-01,  1.69904065e-01,
         1.84234557e-01, -1.84097377e-01,  3.03839285e-01,
         1.15834894e-01, -7.53218868e-02]]), array([[ 9.68676596e-002,  4.15840091e-002, -2.86343060e-001,
         3.01198535e-001,  3.09139198e-001, -1.05219371e-002,
         3.71103406e-001, -1.21553393e-001,  3.02034402e-001,
         1.04187219e-246,  6.68227504e-002, -4.67715572e-001,
         4.04713720e-001,  4.34882421e-001,  3.64412339e-002,
         3.11821206e-001,  8.05843337e-002,  3.93209103e-001,
        -7.25224492e-002,  2.27343522e-003,  2.20513897e-001,
         1.83725654e-001,  4.38701616e-001, -8.86094954e-003,
        -2.69253820e-003,  3.11850333e-001, -7.50437062e-002,
        -1.81274124e-001,  2.38164857e-002, -8.92500599e-002,
         1.12510345e-001, -2.67866136e-001],
       [ 1.13571230e-001, -2.48480988e-001,  2.68221196e-001,
        -2.27499967e-001,  4.42292942e-002, -7.08073340e-002,
         1.15511280e-001,  4.44639325e-002, -3.69036052e-001,
         3.87140039e-258, -3.36733948e-001,  4.75828047e-002,
        -7.26748350e-002, -1.01218223e-001, -2.87558415e-002,
        -9.15342686e-002,  1.25999420e-001, -3.86749115e-001,
         1.10399686e-001,  9.22703540e-002, -1.71548961e-001,
         1.97390028e-001, -4.33547133e-001, -8.11351274e-002,
         2.68637444e-002, -1.02375302e-001,  2.10023683e-001,
         2.14570471e-001,  6.82367676e-002, -1.84488637e-001,
        -2.12782493e-001,  1.70969474e-001],
       [-3.00776220e-002, -2.64280996e-002,  7.51367467e-002,
        -7.84340777e-004, -3.79540814e-002, -3.54556921e-015,
        -7.72580355e-002, -3.73256266e-002,  1.10374021e-001,
         2.78087835e-303,  1.54562493e-001,  1.73869124e-001,
         9.56062645e-002,  7.25184304e-002,  6.08978103e-002,
        -6.05223245e-002,  7.53120332e-002,  2.21873041e-001,
         2.65992771e-002, -2.85181859e-002,  3.14878458e-002,
        -1.70899626e-002,  3.68287609e-002,  9.67247983e-002,
        -2.51263074e-004,  5.31731985e-002, -6.81387969e-002,
        -3.88838630e-002,  4.44882645e-004,  5.09997386e-002,
        -8.69898455e-003,  3.30054531e-002],
       [ 1.47469163e-001,  2.95909692e-001, -4.30811464e-001,
         5.21722748e-002,  1.48638141e-001, -1.52819704e-005,
         3.89684138e-001, -6.32844267e-001,  5.97332115e-002,
        -8.19062121e-204,  3.89672343e-001, -7.48113153e-001,
         2.39788081e-001,  3.28538986e-001, -1.65769799e-001,
         7.59328456e-002,  1.02978190e-002,  4.09712682e-001,
        -1.68683734e-001, -1.19490890e-001,  6.67905709e-002,
         1.92879509e-001,  3.28697780e-001, -4.82455923e-001,
        -3.03189088e-003,  4.62958037e-002, -2.39060110e-001,
        -6.37959868e-001,  1.38315933e-003, -6.61257196e-003,
         7.60692337e-002, -4.75811211e-001],
       [ 8.30226690e-002, -1.21789018e-001,  2.23823804e-001,
        -5.92854652e-001, -2.36547892e-002, -6.55522774e-003,
        -4.71489833e-001,  1.46178347e-001, -1.09750490e-001,
        -4.89353586e-297, -3.38097027e-001,  4.29870071e-001,
        -4.20135606e-001, -5.29838296e-001,  3.04786899e-002,
        -6.48923485e-001, -2.02564552e-001, -4.78162127e-001,
        -2.17017891e-003,  2.87930287e-003,  8.23160423e-003,
        -4.27751975e-001, -5.10221947e-001,  3.48195995e-001,
         9.92202365e-017, -3.62543465e-001,  5.00816329e-001,
         4.43047872e-001, -2.84694474e-003, -5.57143094e-002,
        -4.66341152e-002,  5.72295666e-001],
       [-1.01441099e-001, -2.03838168e-002, -2.11092256e-001,
         3.69018777e-001, -7.73808856e-002, -8.22149475e-003,
         3.32604599e-001, -1.30241634e-001,  3.13032066e-001,
        -4.61738194e-188, -5.00890861e-002, -2.97213145e-001,
         3.18683668e-001, -1.20850565e-001, -2.09963948e-001,
         2.77029510e-001, -2.04949392e-001, -8.97209402e-002,
        -8.40472856e-002,  7.83847816e-002,  6.49172848e-002,
         2.44538657e-001,  5.54224078e-002,  4.16114971e-002,
        -2.48706271e-002,  3.61740387e-001, -4.85936615e-001,
         6.84444386e-002, -1.06943718e-001,  2.29059171e-001,
        -6.94165169e-003,  1.44191704e-001],
       [-6.58566974e-002,  6.31510810e-002,  1.21837265e-001,
         1.13422853e-001,  8.41385994e-002,  4.25709630e-003,
         1.54927769e-001, -3.71116770e-002,  1.68747976e-002,
        -5.70312117e-243, -2.29154520e-001,  4.94177806e-002,
        -1.77527872e-001, -3.85444065e-002,  1.12034499e-001,
        -2.93085674e-001,  1.21530861e-001, -3.14802409e-001,
         1.94793377e-001,  1.79566970e-001, -1.46022597e-001,
         2.39920928e-001, -3.16248723e-001, -9.00154894e-002,
         8.82008178e-002,  5.46451379e-002,  2.85726622e-003,
        -9.47051681e-002,  1.12936133e-001, -8.46396712e-002,
        -1.26382738e-001, -1.32268680e-002],
       [ 1.16243928e-001, -2.30655512e-001, -5.41305427e-002,
        -3.82762665e-001, -1.11679560e-001,  3.51777498e-002,
        -3.82408633e-002, -2.54522345e-002,  2.15922617e-002,
        -1.46376485e-293, -3.02754466e-001,  4.12277089e-001,
        -2.62660850e-001, -2.09690627e-001, -2.85283628e-002,
         5.44152314e-002, -3.09094310e-002, -3.34439924e-001,
        -6.96159170e-002, -5.20970211e-002, -1.65816251e-002,
         2.09550214e-001, -3.61656126e-001,  8.91081874e-002,
        -9.73820371e-003, -2.52904874e-001,  3.36246652e-002,
         2.05161442e-001, -3.07722251e-001,  1.18713791e-002,
         1.82915359e-001,  1.34836938e-001],
       [ 1.24531397e-001,  3.98906294e-001,  2.26791259e-001,
        -2.58422668e-002,  5.94633935e-002, -1.05973874e-005,
         2.85134414e-001,  1.57620896e-001,  3.90967967e-001,
         3.08145250e-292,  2.56426766e-001,  3.24367272e-002,
         1.71539366e-001,  2.53598404e-001, -1.27664338e-002,
         1.20058725e-001,  2.46507097e-001,  4.10239323e-001,
        -7.04667843e-002,  1.65132612e-001,  1.16584146e-001,
         6.71892426e-002,  1.67799355e-001, -8.58588700e-002,
         1.76436745e-002,  2.99579620e-001, -2.56288754e-001,
         3.35272112e-002,  6.28811601e-002, -6.74954642e-003,
        -1.55294083e-002,  1.09782661e-001],
       [-2.50343232e-001,  1.76394211e-001,  5.38457731e-002,
         7.41231588e-002, -1.03039559e-001, -5.10855776e-002,
         4.32842163e-001,  1.11615285e-001,  7.31344621e-002,
        -1.68386090e-263,  4.54754682e-001,  3.84387956e-001,
         1.75818965e-001, -1.02262795e-001, -4.69402107e-002,
         2.85416889e-001, -1.13796797e-001,  1.84263064e-001,
        -4.70025354e-002, -1.28569447e-002,  1.21677396e-001,
         3.91424929e-002, -8.52695252e-002, -3.86490484e-002,
        -1.95528721e-003,  4.62170123e-001,  2.13011409e-001,
         9.07217861e-002, -7.44577260e-002, -1.17181236e-001,
        -1.79171908e-002,  2.75082855e-002],
       [-3.21136265e-001,  1.02321558e-001, -1.88084844e-001,
         3.96518059e-001, -3.33701357e-001,  8.67208599e-005,
        -4.43468494e-001,  1.36307741e-001, -3.17662979e-001,
        -2.55394959e-209, -3.74742880e-001, -8.26146303e-003,
         6.88886263e-002, -4.48285683e-001, -1.37037571e-001,
        -1.88555529e-001,  1.37537877e-001, -2.10055004e-001,
        -4.11593805e-002,  6.30320710e-002,  7.49837822e-002,
         1.33802703e-001, -3.93302982e-001, -1.52192285e-001,
        -5.11264959e-003, -3.60308303e-001, -1.89635451e-001,
        -2.48586124e-001,  4.71879024e-002, -3.03182101e-001,
        -7.79355307e-002, -1.69367259e-001],
       [ 6.90265209e-003, -1.89387389e-001,  4.06442579e-001,
        -7.13020261e-001, -1.97239722e-001,  8.47845620e-002,
        -8.27468906e-002,  5.99471574e-002, -3.06117770e-001,
        -3.91626563e-229, -3.26726906e-001,  1.43168721e-001,
         1.70493080e-001, -1.93203991e-001, -2.08107024e-001,
         1.10591600e-001,  3.21013437e-002, -2.43059083e-001,
        -1.54909032e-001, -6.65887547e-002, -3.26586315e-002,
        -3.56831522e-001,  5.00302819e-002,  1.10818535e-001,
         2.72306496e-003, -2.05109104e-001,  2.86443379e-001,
         4.36667795e-001,  1.84528612e-001, -9.79762978e-002,
        -2.53519227e-001, -2.68512392e-003],
       [ 8.74068308e-002,  5.90651748e-001, -3.69697168e-001,
        -8.93653376e-001,  7.30309303e-002,  5.12729472e-004,
         3.90293158e-001, -2.78699136e-001,  1.86338335e-001,
        -1.65582563e-292,  4.42633502e-001, -3.68574135e-001,
         2.36211872e-001,  1.38098111e-001, -3.33024479e-001,
         3.98275973e-002,  2.53047790e-001,  3.28176986e-001,
         6.98058836e-002,  7.82440225e-002,  4.23607408e-001,
         3.29515351e-001,  4.30700976e-001,  9.42652254e-002,
        -1.89191385e-003,  2.01928781e-001,  5.53994706e-002,
         4.72761326e-002,  2.88271516e-002,  1.98796480e-001,
         1.40889983e-001, -5.66179244e-002],
       [-2.10525794e-001, -1.25330411e-001,  4.43155395e-001,
        -5.80866329e-001, -1.60336958e-001, -5.87357757e-005,
        -7.57869990e-002,  4.19239319e-001, -2.64123323e-002,
         8.74349757e-293, -5.74428817e-002,  2.04696412e-001,
         2.03064346e-001,  1.66125867e-001,  5.99803188e-001,
         1.59942609e-001, -6.63728237e-002, -8.00871243e-002,
        -2.32512461e-002, -8.17667820e-003,  1.97166962e-001,
         5.38590694e-002,  1.50037474e-001,  3.35905367e-001,
        -3.20067978e-008, -1.13602412e-001,  4.34000122e-001,
         4.74791074e-001,  1.91189323e-002, -2.58716450e-001,
        -3.03509001e-006,  2.23453567e-001],
       [ 1.58928675e-001,  2.33925546e-001,  4.06564779e-001,
        -4.48837422e-001,  2.83184193e-001,  1.41402357e-001,
        -1.81286668e-001,  3.57419775e-001,  1.58821502e-001,
        -7.32691129e-226,  1.44789654e-001,  3.07100602e-001,
        -3.03512207e-001,  1.57087474e-001,  2.50071589e-001,
         2.29539753e-001, -1.94951801e-001,  1.06551334e-001,
         5.17031244e-002, -4.69715851e-002,  3.65313649e-002,
        -3.26688101e-002,  1.86005129e-001,  4.17363565e-001,
        -1.82590275e-004, -8.80072692e-002,  1.68102802e-001,
         1.28808182e-002, -8.69196573e-002,  8.30221167e-002,
        -2.19714977e-002,  2.32645017e-001],
       [-1.28395996e-001, -1.18502646e-002,  3.37192807e-003,
        -2.76014212e-002,  2.88332602e-001,  3.56050870e-002,
         3.15674381e-001, -3.49434809e-001,  3.06859548e-001,
         4.07829199e-190, -4.68798352e-003,  1.88410189e-001,
         2.75684143e-001,  3.05722713e-001,  7.26246976e-002,
        -2.81978715e-001, -1.60069312e-001,  1.70096995e-001,
         1.77988016e-001, -1.86697711e-001,  7.66550678e-002,
         2.28283904e-001,  1.65316105e-001, -7.49038129e-002,
        -4.68771383e-002,  7.92937538e-002,  2.40282131e-001,
         2.57154385e-001,  2.93015753e-001,  8.10303553e-002,
        -1.83249993e-002, -1.36551450e-001],
       [-3.39548027e-003, -4.80455184e-002,  3.02779392e-002,
         1.63240512e-002,  1.42874563e-001,  1.26924041e-004,
        -8.02269075e-003,  4.21433127e-002, -7.01907803e-002,
        -3.53285584e-297,  2.60109375e-002, -1.81056344e-001,
        -1.71047227e-001,  1.61266724e-002, -1.56010931e-001,
        -3.81464303e-003, -1.73504387e-001,  4.77287028e-002,
         2.74388680e-002, -7.34367270e-002,  3.76026959e-003,
         2.80994832e-002,  5.51569917e-002,  1.40220953e-001,
         4.06388571e-002, -1.05878363e-002, -6.90276458e-002,
         3.35074146e-003,  7.83071567e-002, -1.29248926e-001,
        -8.91854667e-003, -1.61261568e-001],
       [ 1.24169110e-001,  3.45330532e-001,  1.30080982e-001,
        -7.44141834e-002, -1.06096461e-001, -2.76329076e-002,
        -1.29444195e-001,  1.48027514e-001,  1.46247405e-001,
        -1.89579761e-186,  3.20263222e-001, -2.31357302e-001,
         1.03983921e-001,  3.22897842e-001,  2.61224648e-001,
        -1.27960957e-001,  2.56771271e-001, -6.02504003e-002,
        -2.71060557e-001, -1.03680965e-001, -5.72171076e-002,
         2.49345761e-001,  3.87748373e-001,  2.74211926e-001,
         2.48811353e-002,  9.87555695e-002, -2.05064643e-001,
        -1.75407691e-001, -3.39928011e-002,  4.47914289e-002,
        -2.54070382e-001,  2.86050397e-001],
       [-2.74053815e-001, -2.08449957e-001, -8.10047106e-004,
        -3.32541527e-001, -9.22778285e-002, -1.39481805e-001,
         6.21716368e-002,  3.47680300e-001,  1.25775539e-001,
        -1.10478743e-231,  6.14072561e-002,  1.61299364e-001,
        -1.71245476e-001,  1.85658964e-001,  2.56731990e-001,
        -4.34596244e-003,  3.02202149e-002,  1.14468940e-002,
        -2.93104238e-001, -2.42979709e-001, -7.99993934e-002,
        -5.57917724e-002,  3.07064343e-002,  2.38843258e-001,
        -8.31581138e-002,  1.19537549e-001,  2.34392851e-001,
         3.24503045e-001,  1.46243363e-001, -9.12414294e-002,
        -1.01428518e-001, -1.73282625e-002],
       [ 2.13695273e-001,  1.29605613e-001,  7.26219641e-002,
        -6.11134170e-001,  4.50121724e-002,  2.56622613e-010,
         2.64042434e-001,  3.19831340e-002,  3.16908646e-001,
        -1.58613110e-279,  3.46071637e-001,  2.21554912e-001,
        -8.91175290e-002, -1.14546942e-003,  1.46050121e-002,
         5.35353061e-001,  2.37629562e-002,  3.60295601e-001,
        -4.00723366e-002, -3.08345576e-002,  6.87439398e-002,
        -1.23526120e-001,  2.45476316e-001,  1.69945040e-001,
        -3.13758944e-005,  2.73024827e-001, -4.35899398e-002,
        -2.44927892e-001,  9.28667024e-002,  3.10291153e-001,
        -6.28295078e-002, -8.57504871e-002],
       [ 5.21535394e-002,  3.19702645e-001, -1.54592452e-001,
         4.94010236e-001, -1.14192085e-001, -1.66917837e-003,
        -1.14152295e-001, -2.59457244e-002,  3.07458868e-001,
         1.07240105e-177, -1.14999927e-002, -4.57921384e-002,
         2.08460372e-001,  3.00012231e-001, -6.77027808e-002,
         4.70993125e-001, -2.17239037e-001,  2.40219835e-001,
        -8.87211658e-002,  1.87812304e-001,  7.33768391e-002,
         2.77652950e-001,  1.01324202e-001, -2.63584575e-001,
         8.21249410e-002,  3.69826611e-001, -4.78396594e-001,
        -2.31835958e-001, -4.68088986e-002,  4.16985842e-002,
        -1.35384218e-001, -3.37188800e-001],
       [-2.72700399e-001, -1.70853080e-001,  1.86126240e-001,
        -2.11936670e-001, -2.05143250e-001,  5.73706487e-003,
        -9.93529023e-002,  3.70368170e-002, -7.84865429e-002,
        -1.37393198e-253, -1.74283757e-001,  2.78870012e-001,
        -2.66856278e-002, -3.15098368e-001,  2.81211347e-001,
        -1.01776983e-002, -1.46981379e-001, -2.76791035e-001,
         3.50288727e-002,  9.49436853e-003, -3.38557006e-003,
         1.52856416e-001, -3.04905379e-001,  2.36588628e-002,
        -3.56725887e-006, -8.88795114e-002, -1.14516907e-001,
         1.46282476e-001,  3.26422815e-003, -2.41510071e-001,
        -3.19775853e-002,  3.75341211e-001],
       [ 5.04242112e-001,  6.55237190e-001, -3.96816736e-001,
         1.94527526e-001,  1.91109914e-001, -5.27200924e-020,
         4.14150977e-001, -3.43308000e-001,  6.42185289e-001,
         2.24105551e-222,  7.67907756e-001, -2.48845984e-001,
         4.61889397e-001,  5.80188142e-001,  1.66937967e-001,
         3.70316012e-001,  4.99225071e-001,  8.21330208e-001,
        -2.60928500e-002, -1.33840499e-002,  1.25860072e-001,
         3.49519899e-001,  5.81652414e-001, -3.77869430e-001,
        -2.15079866e-003,  6.64533539e-001, -1.59472739e-001,
        -1.53357427e-001,  5.79107287e-002,  1.67355689e-001,
        -1.30101008e-001, -3.48698909e-001],
       [ 2.67987954e-001, -1.15164101e-001,  1.46892036e-002,
        -6.50472856e-001, -5.26535665e-002, -1.32782584e-001,
         3.04704225e-001,  2.42480859e-001,  2.73220319e-001,
         5.03749381e-249,  2.21075816e-001,  1.82161354e-001,
         2.11358203e-001, -7.75294230e-002,  3.41070438e-002,
        -1.07509667e-001,  3.61001340e-001,  1.40594527e-001,
        -2.09829173e-001,  1.94696389e-001,  2.02010851e-001,
         3.03131217e-001, -2.18818589e-002,  1.64211396e-001,
        -3.35362338e-002,  4.18295796e-001, -7.07754124e-002,
         1.82590055e-001, -1.50187769e-001,  2.16934640e-001,
         1.51810206e-001,  2.05797546e-002],
       [ 3.85562219e-001, -1.77212284e-001,  1.02948881e-001,
        -4.61209056e-001,  2.77117619e-001, -2.93259177e-002,
         1.35821155e-001, -2.54650010e-001, -1.01600717e-001,
         1.49899647e-292,  2.67486939e-001,  1.38505366e-001,
         1.75922529e-001,  1.17235326e-001,  1.90835838e-001,
        -1.61191150e-001,  2.00322683e-001,  4.36743532e-002,
         1.58749926e-001,  1.00411578e-001,  4.79662124e-002,
         7.90141706e-002, -9.87524245e-003, -1.74724496e-002,
         2.00936477e-002,  1.18720988e-001,  1.78661330e-001,
        -3.83500815e-002,  1.05242304e-001,  3.19907528e-002,
         2.11848495e-001,  2.34637189e-001],
       [ 1.27377106e-001, -6.57964571e-002,  1.91171534e-001,
         2.89708415e-001, -1.68005955e-002,  5.94955898e-004,
         1.96818736e-001, -1.70973993e-001, -1.32155398e-001,
         8.53223813e-271,  5.95197548e-003, -2.39695500e-001,
         1.10420725e-001,  1.08442445e-001,  6.03933953e-002,
         1.56158431e-001,  5.88852559e-002,  4.60267958e-002,
        -1.94988257e-001, -4.57554071e-002,  1.00628834e-001,
        -2.08365617e-001, -1.51233119e-001, -6.35217642e-002,
        -3.81479911e-002, -9.58279608e-002, -3.15595090e-002,
        -7.64652604e-002, -6.88589349e-002, -2.86829241e-001,
         1.96136233e-001, -2.46449378e-001],
       [ 1.84778220e-001, -1.86437161e-001, -2.18590860e-001,
        -2.53410800e-001, -2.02863318e-001,  1.18147685e-001,
        -1.31066533e-001, -1.49443146e-001, -5.18095667e-001,
        -5.02057136e-266, -4.43717127e-001,  3.32873749e-001,
         9.31862920e-002, -6.19159450e-002, -1.18372345e-001,
        -4.16363661e-001, -2.72792257e-002, -4.72472602e-001,
        -5.04957611e-002, -1.73461200e-008, -9.54217059e-002,
        -1.22130561e-002, -1.02661422e-001, -2.13523264e-002,
        -3.89326442e-007, -5.60715263e-001, -6.31040456e-002,
         1.76703630e-001, -8.29033133e-002,  4.51627895e-002,
        -1.45287266e-001,  1.57718693e-001],
       [-4.30313207e-002,  2.71618590e-001,  2.07040559e-001,
         4.41271941e-001,  2.35253455e-001, -3.13434472e-002,
         2.83257709e-001, -2.67018270e-001, -1.78347903e-001,
         1.40488020e-261,  3.75381270e-001, -2.78961368e-002,
        -1.03716494e-001, -1.55587922e-001, -3.52681554e-001,
         1.87310463e-001, -2.91012429e-001,  1.95305096e-001,
         1.83980480e-001,  4.84623777e-002,  3.75550615e-002,
        -2.46335300e-001, -1.16088920e-001, -2.31509479e-001,
         8.39082842e-002,  4.10519391e-001, -2.95978412e-001,
        -1.48486065e-001, -1.52876291e-001,  1.12623175e-001,
        -6.37067950e-002, -2.86050620e-001],
       [-1.61710696e-001,  2.55167071e-001,  2.11850569e-001,
        -7.93977623e-001, -1.41125087e-001,  2.95188375e-002,
         1.48178599e-001,  2.09784151e-001,  1.71883434e-001,
        -3.17260345e-293, -7.13763231e-002,  2.66529540e-001,
        -1.85543743e-002, -1.72200471e-001, -1.08595701e-001,
        -3.41819052e-001,  1.04754406e-001,  2.74155424e-001,
        -1.05005318e-001, -3.78379140e-002,  8.77216786e-002,
         1.28488801e-001, -2.02609651e-002,  1.26501236e-001,
        -1.97002736e-003, -6.03374350e-002,  2.83527176e-002,
        -1.00460888e-001, -6.19035673e-002,  1.46199128e-001,
         1.35959998e-001,  1.15790400e-001],
       [ 2.60930309e-001,  9.22243781e-003, -1.70075086e-001,
        -6.02726815e-002,  1.47923691e-001, -3.32912309e-004,
        -2.71116903e-002, -2.43570949e-002, -1.04534070e-001,
        -1.69851705e-230,  1.00534693e-001,  2.67812995e-001,
         1.09112146e-001,  9.23101718e-002, -1.45160886e-001,
         1.06170438e-001,  1.15881327e-001,  7.47223515e-002,
        -3.83284969e-002, -1.29719938e-001,  1.19873099e-001,
         2.29813500e-001, -1.92677821e-001, -3.12511858e-001,
         4.27912456e-003,  9.15671811e-002, -1.95183389e-001,
        -1.31820527e-001,  2.73700478e-001,  1.40788863e-001,
         3.72577250e-002,  1.37353475e-001],
       [ 1.53845910e-001, -4.54510338e-002,  1.44727918e-001,
         3.65586218e-001,  1.28306241e-002, -5.15859819e-002,
        -1.39671173e-001,  8.16352282e-002, -1.56922698e-001,
         3.16874354e-220,  1.04938769e-002, -3.30773298e-001,
         3.39081859e-001, -2.63703119e-001, -2.55201601e-001,
        -3.10860628e-001,  2.75557155e-001,  1.96425305e-001,
         7.96263310e-002, -1.26827668e-001,  3.82336845e-002,
        -2.27552857e-001, -7.87443238e-002, -6.30366489e-002,
        -3.73022657e-002, -8.15561742e-002, -1.51071985e-001,
         3.31218760e-002, -4.59953969e-002,  5.48742854e-002,
        -5.44560518e-002,  7.27089901e-002],
       [-1.84153333e-001, -3.60795219e-001,  6.14526855e-002,
         4.58195884e-001, -3.11810205e-001,  2.14319482e-003,
         5.42443676e-002, -3.10235881e-001, -4.93421032e-001,
        -8.79303276e-209, -4.55162398e-001,  8.61630051e-002,
        -3.29504191e-001,  1.05138863e-001, -6.80019634e-002,
        -7.58727688e-001,  1.85597136e-001, -4.51609628e-001,
         2.08149648e-001,  9.00891081e-002, -1.51253491e-002,
        -3.04860278e-001,  1.35174917e-002, -2.27238650e-001,
         2.81241246e-003, -9.04697725e-002,  1.70792852e-001,
         1.09907115e-001, -1.73166197e-002, -4.98406760e-002,
        -1.95099406e-001, -1.01429456e-001]]), 

array([[ 2.37875282e-001],
       [ 4.62126021e-001],
       [-4.17310734e-001],
       [-6.86298293e-001],
       [ 3.46485531e-002],
       [ 2.53374257e-002],
       [ 1.64197602e-001],
       [-2.95116235e-001],
       [ 5.68682505e-001],
       [-1.95002549e-228],
       [ 6.37588955e-001],
       [-5.43108677e-001],
       [ 4.87188028e-001],
       [ 1.44255846e-001],
       [-1.01650448e-001],
       [ 7.92381240e-001],
       [ 1.61636736e-003],
       [ 8.81273803e-001],
       [-2.43798569e-001],
       [-2.18904365e-001],
       [ 8.75292048e-002],
       [ 4.18381964e-002],
       [ 3.59559559e-001],
       [-2.30417194e-001],
       [-2.49883139e-002],
       [ 2.42071321e-001],
       [-3.83211718e-001],
       [-1.98930052e-001],
       [ 1.73574292e-001],
       [ 8.85177804e-002],
       [-3.12395681e-001],
       [-2.58486078e-001]])]