[array([-0.28126706,  0.02201193,  0.17137277,  0.01762928, -0.32532778,
        0.34729791,  0.47982703, -0.20032112,  0.07650044,  0.16087119,
        0.31364151,  0.18850758,  0.45287092,  0.27773344,  0.09802567,
        0.17263327, -0.10524563,  0.31518046,  0.18463142,  0.05133103,
        0.21087232,  0.24696767,  0.09104965, -0.0984943 , -0.01739957,
        0.00223374,  0.26001024,  0.23303671,  0.36758092,  0.2865101 ,
        0.05537815, -0.04813032]), 
array([ 0.30422354, -0.08862758, -0.10608071,  0.07266385, -0.04143334,
        0.06801068, -0.21869015, -0.29803332, -0.13191991,  0.15364695,
       -0.12773981,  0.05482062,  0.03006505, -0.09012254, -0.05303234,
        0.03128   , -0.07710573,  0.24432652, -0.00043748, -0.13932252,
        0.25838413, -0.2136854 ,  0.24858193,  0.12520911,  0.01256518,
        0.10952913,  0.09598191,  0.27613303,  0.09114607,  0.37234772,
        0.34168936, -0.18277573]), 
array([-0.05223506,  0.216459  ,  0.14624459, -0.05582345,  0.3359975 ,
       -0.18448039,  0.0347581 ,  0.27413114, -0.05012004, -0.14074093,
        0.24410808,  0.30691432,  0.36793552,  0.42331191, -0.24905861,
        0.10122798,  0.097836  ,  0.4663652 ,  0.18731085, -0.11183222,
       -0.26273358,  0.29067083,  0.43177831,  0.09978817, -0.17757304,
        0.20632384,  0.31863917, -0.00237657,  0.01840889,  0.1946096 ,
       -0.38390042,  0.30548032]), 
array([-0.25132686])]